149 184 78 148 137
111 140 89 76 107
67 102 46 64 73
124 128 87 46 148
142 109 74 54 85
====================
213 175 128 205 240
116 144 64 124 123
179 137 78 120 197
158 125 84 146 159
146 161 86 138 144
====================
146 195 202 166 243
62 88 116 134 122
126 176 113 139 183
123 172 147 153 165
151 205 201 216 257
====================
134 170 130 82 112
174 249 132 161 80
130 181 92 114 78
216 256 190 132 96
152 164 82 43 40
====================
147 151 228 133 118
85 136 167 139 150
76 62 78 92 60
119 130 185 121 106
66 81 92 94 85
====================
119 94 119 142 107
137 83 176 123 105
107 85 121 92 90
152 116 182 164 146
110 147 170 93 119
====================
